000002
000004
000005
000006
000007
000008
000009
000011
000013
000014
000015
000017
000018
000020
000021
000022
000023
000025
000026
000027
000028
000030
000031
000035
000036
000038
000041
000042
000044
000046
000047
000052
000053
000054
000055
000058
000059
000061
000063
000064
000065
000066
000067
000068
000069
000071
000072
000073
000074
000075
000078
000079
000080
000082
000083
000084
000085
000086
000087
000088
000089
000091
000092
000093
000094
000095
000096
000097
000100
000101
000102
000103
000106
000107
000108
000109
000110
000112
000113
000114
000116
000117
000118
000121
000124
000125
000127
000128
000129
000130
000131
000132
000133
000136
000138
000139
000140
000142
000143
000146
000149
000150
000152
000153
000154
000156
000157
000158
000161
000162
000163
000164
000165
000166
000167
000169
000170
000171
000173
000174
000176
000178
000179
000180
000181
000183
000184
000185
000187
000192
000193
000194
000195
000196
000198
000199
000200
000201
000203
000204
000205
000206
000207
000208
000209
000210
000211
000212
000213
000214
000215
000216
000217
000218
000220
000223
000224
000226
000228
000229
000232
000233
000236
000237
000239
000240
000241
000242
000244
000246
000247
000249
000250
000252
000253
000255
000256
000259
000260
000261
000262
000263
000264
000265
000267
000270
000271
000275
000276
000277
000279
000280
000281
000283
000284
000286
000288
000289
000291
000292
000294
000295
000296
000298
000299
000300
000301
000302
000303
000304
000307
000308
000309
000310
000311
000313
000315
000317
000319
000320
000322
000323
000324
000325
000328
000329
000330
000331
000332
000334
000337
000339
000340
000341
000342
000345
000346
000347
000348
000349
000350
000351
000352
000354
000355
000356
000358
000359
000361
000363
000364
000365
000366
000367
000368
000369
000371
000372
000373
000375
000376
000379
000382
000384
000386
000387
000388
000390
000392
000399
000400
000401
000402
000403
000404
000405
000406
000408
000409
000410
000412
000413
000415
000418
000419
000420
000421
000422
000426
000427
000428
000429
000430
000431
000432
000433
000434
000435
000436
000437
000439
000440
000441
000442
000446
000447
000448
000449
000451
000453
000454
000456
000457
000458
000459
000460
000462
000464
000465
000466
000467
000469
000470
000471
000472
000473
000474
000475
000478
000479
000480
000481
000482
000483
000484
000485
000486
000487
000489
000491
000493
000494
000499
000501
000503
000504
000505
000506
000507
000508
000511
000512
000514
000515
000516
000517
000518
000519
000521
000523
000524
000526
000528
000530
000531
000532
000536
000537
000538
000540
000541
000543
000544
000546
000547
000548
000549
000550
000551
000553
000554
000555
000557
000558
000560
000563
000564
000565
000567
000568
000569
000570
000571
000572
000574
000576
000577
000578
000580
000582
000583
000586
000587
000590
000593
000594
000596
000597
000600
000601
000602
000603
000604
000605
000606
000607
000608
000609
000610
000611
000612
000613
000614
000615
000616
000617
000618
000619
000620
000622
000623
000626
000627
000630
000632
000633
000634
000637
000638
000639
000640
000641
000642
000643
000645
000646
000647
000648
000649
000651
000653
000654
000655
000657
000658
000659
000660
000662
000663
000664
000665
000667
000669
000671
000673
000674
000675
000676
000677
000678
000679
000680
000681
000682
000685
000687
000688
000689
000690
000691
000692
000695
000696
000697
000698
000699
000700
000703
000704
000706
000707
000710
000711
000712
000713
000715
000716
000717
000718
000719
000720
000721
000722
000724
000725
000726
000727
000728
000731
000732
000733
000734
000735
000736
000737
000738
000739
000740
000741
000743
000744
000745
000746
000747
000749
000750
000751
000752
000753
000754
000755
000756
000757
000758
000759
000760
000762
000765
000767
000768
000769
000770
000771
000774
000775
000776
000778
000779
000782
000783
000785
000786
000787
000790
000791
000792
000793
000794
000795
000796
000797
000798
000799
000801
000802
000804
000805
000806
000807
000808
000809
000810
000812
000813
000814
000815
000818
000819
000820
000821
000823
000824
000825
000827
000828
000830
000831
000833
000834
000838
000839
000841
000843
000845
000846
000847
000848
000849
000850
000851
000852
000854
000855
000856
000857
000858
000859
000860
000862
000863
000864
000866
000869
000870
000871
000872
000873
000874
000875
000876
000877
000878
000879
000880
000881
000882
000883
000885
000888
000890
000891
000893
000895
000897
000898
000900
000901
000902
000904
000905
000906
000907
000908
000909
000910
000911
000912
000913
000914
000915
000917
000918
000919
000920
000923
000924
000925
000926
000927
000928
000930
000932
000933
000934
000935
000937
000938
000940
000941
000942
000943
000944
000945
000946
000947
000948
000950
000951
000953
000954
000955
000956
000957
000958
000959
000960
000961
000962
000963
000964
000965
000966
000967
000968
000969
000971
000972
000973
000974
000976
000977
000978
000979
000980
000981
000982
000984
000985
000986
000987
000989
000991
000992
000994
000997
000998
000999
001000
001001
001002
001003
001005
001007
001008
001009
001010
001011
001012
001013
001014
001015
001016
001018
001019
001020
001022
001024
001026
001027
001028
001029
001031
001032
001033
001035
001037
001039
001041
001042
001043
001044
001045
001046
001047
001048
001049
001050
001051
001053
001054
001056
001057
001058
001060
001062
001063
001064
001065
001067
001069
001073
001074
001075
001077
001078
001079
001080
001081
001082
001084
001087
001089
001090
001091
001093
001094
001098
001100
001106
001108
001109
001111
001113
001114
001115
001116
001118
001120
001121
001123
001127
001128
001129
001130
001131
001132
001134
001135
001136
001137
001138
001139
001141
001142
001143
001144
001145
001147
001148
001149
001151
001153
001154
001156
001158
001159
001160
001161
001162
001163
001165
001166
001169
001170
001172
001174
001175
001178
001179
001180
001182
001183
001184
001185
001186
001187
001188
001189
001191
001192
001193
001196
001197
001200
001201
001203
001204
001205
001207
001208
001209
001210
001211
001212
001215
001217
001218
001220
001222
001223
001225
001226
001227
001229
001230
001231
001233
001234
001235
001237
001240
001242
001243
001244
001245
001246
001247
001248
001250
001251
001252
001253
001254
001255
001257
001259
001260
001261
001263
001265
001266
001267
001268
001269
001270
001272
001274
001275
001277
001278
001281
001283
001285
001288
001289
001290
001291
001292
001293
001294
001296
001297
001299
001300
001301
001302
001303
001304
001305
001306
001307
001308
001310
001311
001312
001315
001316
001318
001320
001321
001322
001323
001324
001325
001326
001327
001330
001331
001332
001334
001336
001339
001340
001341
001342
001343
001344
001346
001347
001348
001349
001350
001351
001353
001355
001356
001357
001358
001361
001362
001365
001367
001368
001369
001370
001371
001373
001375
001376
001378
001379
001381
001382
001384
001385
001387
001388
001389
001390
001392
001393
001395
001396
001398
001399
001401
001402
001404
001406
001407
001410
001411
001413
001414
001415
001416
001417
001420
001421
001424
001425
001430
001431
001432
001433
001434
001435
001436
001437
001439
001440
001442
001443
001445
001446
001447
001448
001449
001450
001451
001452
001453
001458
001461
001463
001464
001465
001466
001470
001471
001472
001473
001474
001475
001477
001478
001480
001482
001483
001484
001485
001486
001487
001488
001490
001492
001494
001495
001498
001499
001500
001501
001502
001504
001505
001506
001507
001509
001511
001512
001513
001516
001518
001519
001521
001522
001523
001525
001527
001528
001529
001532
001533
001536
001538
001539
001540
001542
001543
001544
001545
001546
001547
001548
001550
001551
001552
001553
001554
001556
001557
001559
001561
001562
001563
001565
001566
001567
001568
001569
001573
001574
001576
001577
001580
001581
001582
001583
001584
001585
001587
001588
001589
001590
001591
001592
001593
001597
001599
001601
001602
001604
001606
001607
001609
001610
001611
001613
001614
001615
001616
001618
001622
001623
001624
001626
001627
001630
001632
001633
001634
001635
001636
001637
001638
001640
001642
001643
001647
001648
001649
001650
001651
001653
001654
001656
001658
001659
001660
001661
001662
001664
001665
001666
001668
001669
001671
001672
001674
001675
001676
001677
001678
001679
001680
001681
001682
001683
001685
001686
001687
001688
001689
001690
001692
001693
001694
001695
001696
001697
001698
001699
001700
001701
001702
001703
001704
001705
001706
001707
001708
001709
001710
001717
001718
001721
001722
001723
001724
001725
001726
001728
001729
001730
001732
001733
001735
001736
001738
001740
001741
001743
001744
001745
001746
001750
001753
001754
001755
001756
001757
001758
001759
001760
001761
001763
001765
001768
001770
001771
001772
001773
001774
001776
001777
001778
001779
001780
001781
001782
001783
001785
001787
001788
001790
001791
001793
001794
001796
001797
001799
001800
001801
001802
001803
001806
001809
001811
001812
001813
001815
001816
001817
001819
001821
001822
001823
001824
001826
001828
001829
001831
001833
001834
001837
001838
001839
001840
001841
001842
001844
001845
001847
001848
001849
001850
001851
001852
001854
001855
001856
001857
001858
001859
001860
001861
001865
001867
001868
001872
001876
001877
001878
001880
001881
001882
001883
001886
001887
001890
001891
001892
001895
001896
001897
001898
001899
001900
001901
001902
001903
001904
001905
001907
001908
001909
001910
001911
001914
001915
001916
001919
001920
001921
001922
001923
001926
001927
001928
001931
001933
001934
001935
001936
001937
001938
001939
001940
001941
001944
001946
001948
001949
001950
001951
001952
001953
001954
001955
001956
001957
001959
001960
001961
001962
001963
001964
001965
001966
001967
001968
001969
001970
001971
001972
001974
001975
001976
001978
001980
001981
001982
001983
001984
001988
001989
001990
001992
001993
001994
001996
001997
001999
002000
002001
002002
002004
002006
002009
002011
002012
002013
002014
002015
002016
002019
002021
002023
002024
002025
002026
002027
002028
002029
002038
002039
002040
002041
002042
002043
002045
002046
002047
002048
002051
002052
002053
002054
002056
002057
002058
002059
002062
002063
002064
002065
002066
002067
002069
002070
002072
002073
002074
002075
002078
002079
002080
002081
002083
002084
002085
002086
002087
002089
002090
002092
002096
002097
002099
002100
002102
002103
002107
002108
002109
002110
002111
002113
002117
002118
002121
002122
002123
002124
002127
002128
002130
002131
002132
002133
002134
002135
002136
002137
002143
002145
002146
002147
002148
002149
002150
002151
002152
002156
002157
002158
002159
002160
002161
002164
002166
002167
002170
002172
002173
002174
002177
002178
002180
002182
002186
002187
002188
002189
002191
002192
002193
002195
002196
002197
002198
002199
002200
002203
002204
002205
002206
002208
002209
002210
002211
002212
002213
002214
002215
002216
002218
002219
002220
002221
002222
002223
002224
002225
002226
002227
002229
002230
002231
002232
002233
002234
002235
002237
002240
002243
002244
002247
002250
002252
002254
002255
002256
002257
002258
002259
002261
002262
002263
002265
002267
002270
002273
002274
002275
002276
002277
002278
002279
002281
002282
002283
002284
002286
002287
002288
002290
002291
002292
002293
002295
002296
002297
002298
002299
002300
002301
002302
002303
002305
002306
002307
002311
002312
002313
002314
002315
002319
002321
002322
002323
002324
002325
002326
002327
002329
002330
002332
002333
002334
002335
002336
002337
002339
002340
002341
002342
002343
002345
002346
002348
002349
002350
002352
002353
002354
002355
002358
002359
002361
002362
002363
002365
002366
002367
002368
002369
002370
002371
002372
002373
002374
002375
002378
002382
002383
002384
002386
002387
002388
002389
002390
002392
002393
002394
002395
002397
002400
002402
002405
002408
002409
002410
002415
002416
002417
002418
002420
002421
002422
002423
002425
002426
002427
002428
002429
002430
002431
002434
002436
002438
002439
002440
002441
002442
002443
002445
002446
002447
002448
002450
002451
002452
002453
002455
002457
002463
002464
002465
002466
002467
002468
002469
002470
002472
002475
002477
002478
002479
002480
002481
002483
002484
002485
002486
002487
002488
002489
002490
002491
002492
002494
002495
002497
002498
002500
002503
002505
002506
002508
002509
002511
002512
002513
002515
002516
002517
002518
002519
002523
002524
002525
002526
002528
002533
002534
002535
002537
002538
002539
002541
002542
002543
002544
002545
002548
002549
002552
002553
002554
002555
002556
002557
002559
002560
002562
002564
002565
002566
002567
002568
002569
002573
002574
002575
002576
002582
002583
002584
002585
002587
002588
002590
002591
002592
002593
002594
002595
002596
002597
002598
002599
002600
002601
002602
002603
002604
002606
002610
002611
002612
002613
002614
002616
002619
002620
002622
002623
002624
002625
002627
002628
002630
002635
002636
002639
002641
002642
002645
002646
002648
002650
002651
002654
002656
002657
002660
002661
002665
002666
002667
002669
002671
002672
002673
002674
002675
002677
002678
002680
002681
002682
002683
002684
002685
002686
002687
002688
002689
002690
002692
002693
002695
002696
002697
002698
002700
002705
002706
002707
002709
002711
002712
002714
002715
002716
002717
002720
002721
002722
002723
002724
002726
002727
002728
002729
002730
002733
002734
002735
002736
002737
002738
002740
002742
002743
002744
002745
002746
002749
002750
002751
002752
002753
002754
002755
002757
002758
002759
002761
002763
002764
002766
002767
002771
002772
002773
002774
002776
002777
002778
002779
002781
002782
002783
002784
002786
002789
002791
002792
002793
002794
002795
002796
002799
002801
002802
002803
002804
002805
002806
002807
002808
002809
002810
002811
002812
002813
002815
002816
002817
002820
002821
002823
002825
002826
002828
002830
002831
002833
002834
002835
002836
002838
002841
002843
002845
002846
002847
002848
002849
002851
002853
002855
002856
002857
002858
002859
002860
002862
002863
002864
002865
002866
002867
002868
002869
002870
002871
002872
002875
002876
002878
002879
002880
002881
002882
002883
002884
002885
002886
002887
002888
002890
002891
002892
002895
002896
002898
002901
002902
002903
002904
002905
002907
002908
002909
002910
002911
002912
002913
002914
002915
002923
002925
002926
002927
002929
002931
002933
002934
002935
002936
002938
002939
002940
002941
002942
002943
002944
002945
002948
002951
002952
002953
002954
002955
002956
002957
002958
002959
002960
002961
002962
002964
002965
002967
002968
002969
002970
002971
002972
002973
002974
002975
002977
002978
002979
002982
002983
002986
002987
002988
002989
002990
002991
002992
002993
002994
002997
002998
002999
003002
003004
003005
003006
003007
003008
003009
003012
003014
003015
003016
003018
003019
003021
003023
003025
003026
003028
003029
003030
003032
003033
003034
003036
003037
003038
003039
003041
003042
003045
003046
003048
003049
003051
003052
003053
003054
003055
003056
003057
003058
003059
003060
003062
003063
003065
003068
003069
003070
003071
003073
003075
003076
003077
003078
003079
003080
003081
003082
003083
003085
003086
003087
003089
003090
003092
003093
003094
003095
003096
003097
003098
003099
003100
003102
003103
003104
003105
003106
003108
003110
003111
003112
003113
003114
003116
003117
003118
003120
003121
003122
003123
003124
003125
003128
003129
003130
003131
003133
003135
003136
003137
003138
003139
003140
003141
003142
003143
003144
003145
003146
003147
003152
003154
003155
003156
003158
003160
003162
003163
003164
003166
003168
003169
003170
003174
003175
003176
003177
003178
003179
003180
003184
003186
003187
003188
003190
003192
003193
003194
003195
003196
003197
003199
003200
003201
003203
003205
003206
003207
003209
003211
003212
003213
003216
003217
003218
003219
003220
003221
003222
003224
003225
003226
003227
003228
003229
003230
003231
003232
003234
003235
003236
003237
003239
003242
003243
003244
003245
003246
003248
003249
003250
003252
003253
003255
003256
003257
003258
003259
003261
003262
003264
003265
003266
003267
003269
003270
003272
003273
003275
003276
003277
003279
003280
003282
003283
003284
003285
003286
003288
003289
003291
003292
003293
003294
003295
003296
003297
003299
003300
003301
003302
003303
003306
003307
003309
003310
003311
003312
003313
003314
003315
003316
003317
003318
003319
003321
003322
003323
003324
003325
003326
003327
003328
003329
003331
003332
003333
003334
003335
003336
003337
003338
003339
003341
003342
003343
003346
003347
003348
003350
003351
003353
003355
003357
003358
003361
003362
003363
003364
003365
003366
003367
003371
003372
003375
003377
003378
003379
003380
003382
003384
003385
003386
003387
003388
003389
003391
003392
003393
003394
003395
003396
003398
003400
003401
003402
003404
003406
003407
003408
003410
003414
003415
003416
003417
003419
003420
003422
003423
003424
003426
003427
003428
003429
003431
003433
003434
003436
003437
003439
003440
003441
003442
003443
003447
003448
003449
003450
003451
003452
003453
003455
003456
003459
003463
003464
003467
003468
003469
003470
003471
003476
003477
003478
003479
003481
003482
003484
003485
003486
003487
003488
003490
003491
003492
003493
003494
003496
003497
003498
003500
003501
003502
003503
003504
003505
003507
003508
003509
003510
003512
003513
003514
003517
003518
003520
003521
003522
003525
003526
003527
003528
003529
003530
003531
003532
003533
003534
003535
003537
003538
003541
003543
003544
003545
003548
003549
003550
003551
003552
003553
003555
003556
003557
003558
003560
003561
003562
003563
003564
003565
003566
003568
003569
003570
003571
003572
003573
003574
003575
003576
003577
003578
003579
003580
003581
003582
003583
003584
003585
003586
003587
003588
003589
003590
003591
003592
003593
003594
003595
003597
003600
003601
003603
003604
003605
003606
003607
003608
003609
003610
003611
003613
003615
003616
003619
003621
003622
003623
003624
003625
003628
003632
003633
003634
003638
003643
003644
003645
003646
003647
003648
003650
003651
003653
003654
003655
003657
003659
003660
003661
003662
003663
003664
003666
003667
003669
003670
003671
003673
003675
003676
003677
003678
003679
003680
003682
003683
003684
003685
003686
003688
003689
003690
003691
003692
003693
003694
003695
003696
003699
003700
003701
003703
003704
003705
003706
003707
003708
003709
003712
003713
003714
003715
003716
003718
003719
003720
003721
003722
003723
003725
003728
003730
003732
003733
003735
003738
003739
003740
003742
003743
003744
003745
003746
003747
003748
003749
003750
003751
003752
003754
003755
003756
003757
003759
003760
003761
003763
003764
003765
003766
003768
003770
003771
003772
003773
003774
003775
003777
003778
003779
003781
003782
003783
003784
003785
003786
003787
003788
003789
003791
003792
003793
003794
003795
003796
003797
003798
003800
003801
003802
003803
003804
003805
003807
003808
003809
003813
003815
003816
003817
003818
003819
003822
003824
003825
003826
003827
003829
003830
003831
003832
003833
003836
003837
003838
003839
003840
003841
003844
003846
003847
003848
003849
003850
003852
003853
003854
003855
003858
003860
003862
003863
003864
003865
003867
003868
003869
003871
003872
003874
003876
003877
003879
003880
003881
003882
003887
003888
003889
003893
003894
003895
003898
003899
003900
003902
003903
003904
003905
003906
003907
003908
003910
003912
003913
003914
003915
003916
003917
003919
003920
003921
003922
003923
003924
003925
003926
003927
003929
003930
003931
003933
003934
003935
003936
003937
003938
003939
003940
003941
003942
003943
003946
003947
003948
003949
003950
003951
003952
003953
003954
003955
003957
003958
003959
003961
003962
003963
003964
003966
003967
003968
003969
003970
003971
003972
003974
003975
003976
003977
003978
003980
003981
003982
003983
003984
003985
003986
003988
003989
003995
003996
003997
003998
003999
004000
004001
004002
004003
004005
004006
004007
004008
004009
004010
004011
004012
004013
004014
004015
004018
004020
004021
004022
004023
004024
004027
004028
004029
004030
004031
004032
004033
004035
004036
004037
004038
004040
004041
004042
004043
004044
004045
004046
004047
004048
004049
004050
004051
004052
004053
004054
004055
004056
004057
004058
004059
004060
004062
004063
004064
004065
004066
004067
004070
004074
004078
004079
004080
004081
004082
004083
004084
004085
004086
004088
004089
004091
004092
004093
004095
004096
004098
004099
004100
004101
004103
004105
004106
004107
004108
004114
004115
004116
004117
004118
004119
004120
004121
004122
004123
004124
004127
004128
004130
004131
004132
004133
004138
004142
004144
004145
004147
004148
004150
004151
004152
004155
004156
004161
004162
004164
004166
004168
004170
004171
004172
004174
004175
004176
004177
004178
004180
004181
004182
004183
004185
004186
004187
004189
004190
004191
004193
004194
004196
004198
004199
004200
004201
004202
004204
004205
004206
004207
004208
004209
004211
004212
004213
004214
004216
004217
004218
004219
004220
004221
004222
004224
004225
004226
004227
004228
004229
004230
004234
004237
004238
004240
004242
004243
004244
004249
004250
004251
004253
004254
004256
004258
004260
004262
004263
004264
004265
004266
004268
004269
004272
004273
004275
004277
004279
004280
004281
004282
004284
004285
004286
004287
004288
004289
004290
004292
004293
004294
004295
004296
004297
004298
004299
004300
004301
004305
004306
004307
004308
004309
004311
004315
004316
004318
004319
004321
004323
004326
004328
004330
004331
004332
004334
004335
004336
004337
004338
004339
004340
004341
004342
004343
004345
004346
004351
004353
004354
004355
004356
004357
004359
004361
004362
004363
004365
004367
004368
004369
004370
004371
004372
004374
004378
004379
004381
004383
004384
004386
004387
004389
004390
004392
004393
004394
004395
004396
004397
004398
004399
004403
004404
004406
004408
004410
004412
004413
004415
004417
004418
004419
004420
004421
004422
004427
004432
004437
004438
004439
004441
004442
004443
004445
004446
004447
004448
004450
004452
004453
004454
004456
004457
004460
004461
004462
004463
004465
004469
004470
004471
004472
004473
004474
004476
004477
004478
004479
004481
004482
004483
004484
004486
004487
004488
004490
004491
004492
004493
004494
004495
004496
004497
004498
004499
004500
004502
004503
004505
004506
004507
004509
004510
004511
004512
004515
004516
004518
004519
004520
004522
004523
004528
004530
004531
004532
004533
004534
004537
004538
004539
004541
004542
004543
004545
004546
004548
004549
004550
004552
004553
004554
004555
004556
004558
004559
004560
004561
004562
004563
004565
004567
004568
004570
004572
004573
004574
004575
004577
004578
004579
004581
004582
004584
004586
004587
004588
004590
004591
004592
004593
004594
004595
004596
004597
004599
004600
004601
004602
004603
004604
004605
004606
004607
004608
004610
004611
004612
004617
004618
004619
004620
004621
004622
004623
004624
004626
004629
004631
004633
004634
004635
004636
004637
004639
004641
004642
004643
004646
004647
004648
004651
004654
004658
004659
004660
004662
004663
004665
004667
004668
004670
004671
004676
004677
004678
004681
004682
004683
004684
004685
004686
004687
004688
004689
004690
004691
004693
004694
004696
004697
004699
004700
004701
004703
004704
004705
004706
004708
004710
004711
004712
004715
004716
004719
004722
004723
004724
004729
004730
004731
004732
004733
004734
004736
004737
004738
004739
004740
004741
004742
004743
004744
004745
004746
004747
004748
004749
004750
004752
004753
004755
004757
004758
004760
004763
004764
004765
004766
004768
004770
004771
004774
004777
004779
004780
004781
004782
004784
004785
004786
004787
004788
004789
004790
004791
004792
004793
004794
004795
004797
004802
004803
004804
004808
004809
004810
004811
004812
004813
004815
004816
004817
004818
004819
004821
004823
004825
004826
004827
004829
004830
004831
004836
004837
004838
004839
004840
004842
004844
004845
004846
004847
004850
004851
004852
004853
004854
004855
004857
004858
004859
004860
004862
004863
004864
004865
004866
004868
004869
004871
004873
004875
004876
004877
004878
004880
004881
004882
004883
004884
004885
004886
004887
004888
004889
004890
004891
004894
004896
004897
004898
004899
004900
004901
004903
004904
004905
004906
004907
004909
004911
004912
004913
004915
004917
004918
004919
004921
004923
004925
004926
004927
004928
004929
004931
004932
004934
004935
004936
004937
004938
004939
004940
004941
004943
004945
004947
004948
004950
004951
004952
004954
004955
004956
004957
004961
004962
004963
004965
004967
004968
004970
004972
004973
004974
004975
004976
004980
004981
004984
004985
004988
004989
004990
004991
004992
004993
004997
004998
004999
005000
005001
005002
005003
005006
005007
005009
005010
005011
005012
005013
005014
005016
005017
005018
005019
005021
005022
005024
005025
005027
005029
005031
005035
005037
005038
005039
005040
005041
005042
005043
005044
005046
005047
005048
005050
005051
005052
005055
005057
005058
005060
005061
005063
005067
005068
005070
005071
005072
005075
005076
005077
005078
005079
005080
005081
005082
005083
005084
005085
005086
005088
005089
005090
005091
005093
005094
005095
005096
005097
005098
005099
005100
005101
005102
005103
005104
005105
005107
005109
005112
005113
005114
005115
005116
005117
005118
005119
005124
005125
005126
005127
005128
005129
005130
005131
005132
005133
005134
005137
005138
005139
005140
005141
005146
005147
005148
005150
005151
005152
005153
005154
005155
005156
005157
005158
005159
005160
005161
005163
005164
005168
005170
005172
005173
005174
005175
005177
005178
005181
005183
005185
005186
005188
005189
005191
005193
005194
005195
005196
005197
005198
005200
005201
005202
005204
005205
005206
005209
005210
005211
005214
005215
005216
005217
005218
005220
005223
005226
005227
005228
005229
005231
005232
005233
005237
005238
005239
005240
005242
005243
005244
005245
005246
005247
005248
005249
005250
005251
005252
005253
005254
005256
005258
005260
005261
005262
005263
005264
005265
005266
005268
005269
005270
005271
005272
005274
005275
005276
005277
005278
005280
005281
005282
005283
005284
005285
005286
005287
005288
005289
005290
005292
005293
005294
005295
005296
005297
005299
005303
005304
005306
005307
005308
005310
005311
005312
005313
005315
005316
005318
005319
005322
005323
005324
005325
005326
005327
005328
005329
005330
005331
005332
005333
005336
005338
005339
005340
005342
005343
005344
005345
005346
005347
005348
005349
005350
005351
005352
005353
005354
005356
005357
005358
005360
005361
005363
005364
005365
005369
005371
005372
005373
005374
005375
005376
005377
005378
005380
005381
005382
005383
005384
005385
005386
005387
005389
005390
005391
005392
005394
005395
005398
005401
005402
005403
005404
005405
005406
005407
005409
005411
005412
005413
005414
005415
005416
005419
005422
005423
005424
005425
005426
005427
005428
005429
005430
005431
005432
005433
005434
005435
005436
005438
005439
005441
005442
005443
005446
005447
005448
005449
005450
005451
005452
005453
005456
005458
005460
005462
005463
005466
005470
005472
005473
005479
005480
005481
005482
005483
005484
005485
005486
005487
005488
005490
005491
005492
005493
005494
005498
005499
005501
005502
005505
005508
005509
005510
005511
005512
005513
005514
005517
005518
005519
005520
005521
005522
005523
005524
005525
005529
005530
005531
005532
005533
005534
005535
005536
005538
005539
005540
005541
005543
005544
005546
005548
005549
005550
005551
005552
005554
005555
005556
005557
005559
005562
005565
005566
005569
005570
005572
005574
005577
005578
005580
005582
005587
005589
005590
005593
005594
005595
005596
005597
005598
005599
005600
005601
005603
005604
005605
005606
005609
005610
005612
005613
005615
005616
005617
005620
005621
005622
005623
005624
005625
005627
005629
005630
005633
005636
005637
005638
005639
005640
005643
005645
005646
005648
005649
005651
005652
005653
005654
005656
005657
005658
005661
005665
005667
005668
005669
005673
005675
005676
005680
005681
005682
005683
005685
005689
005690
005691
005692
005693
005694
005696
005697
005698
005699
005700
005702
005703
005704
005708
005710
005713
005714
005715
005716
005718
005719
005720
005723
005724
005727
005728
005730
005731
005732
005733
005736
005740
005741
005743
005744
005745
005746
005747
005749
005750
005753
005754
005755
005757
005759
005760
005761
005762
005767
005768
005769
005770
005771
005774
005775
005777
005779
005780
005781
005782
005786
005788
005789
005791
005792
005793
005796
005797
005798
005799
005800
005801
005802
005803
005804
005805
005811
005813
005816
005817
005820
005822
005823
005824
005828
005829
005830
005831
005832
005833
005835
005837
005838
005841
005844
005845
005847
005848
005849
005853
005854
005855
005856
005857
005858
005860
005861
005862
005863
005865
005866
005868
005869
005870
005871
005872
005873
005874
005876
005877
005878
005879
005881
005884
005885
005888
005889
005892
005894
005895
005896
005897
005898
005899
005900
005902
005903
005908
005909
005910
005911
005912
005913
005915
005916
005917
005918
005919
005920
005921
005923
005924
005925
005928
005929
005931
005932
005933
005934
005935
005936
005937
005940
005941
005943
005944
005945
005948
005949
005950
005951
005952
005953
005954
005955
005956
005957
005958
005959
005960
005961
005964
005965
005968
005969
005971
005975
005977
005979
005981
005982
005985
005986
005987
005988
005989
005990
005992
005993
005994
005995
005996
005997
005998
006000
006001
006002
006003
006005
006006
006007
006008
006009
006011
006012
006013
006015
006016
006017
006019
006020
006021
006022
006023
006024
006025
006027
006030
006031
006033
006035
006036
006037
006040
006041
006043
006044
006048
006049
006051
006052
006053
006054
006055
006056
006057
006058
006060
006061
006062
006064
006065
006067
006068
006070
006071
006072
006074
006075
006077
006080
006081
006082
006086
006088
006089
006090
006091
006092
006094
006097
006098
006100
006101
006104
006105
006107
006110
006111
006113
006117
006118
006120
006121
006122
006123
006124
006125
006126
006127
006128
006129
006130
006131
006132
006135
006138
006141
006142
006143
006144
006145
006146
006148
006149
006150
006152
006153
006154
006155
006157
006158
006159
006160
006161
006163
006165
006166
006167
006168
006169
006171
006173
006174
006175
006176
006177
006178
006179
006181
006182
006184
006185
006187
006188
006189
006190
006191
006192
006194
006195
006196
006197
006198
006199
006201
006202
006203
006207
006208
006209
006210
006211
006212
006214
006216
006217
006218
006219
006220
006221
006222
006223
006225
006228
006229
006230
006231
006232
006233
006235
006236
006238
006239
006240
006241
006243
006244
006245
006246
006247
006248
006249
006252
006253
006254
006256
006257
006258
006259
006260
006261
006262
006263
006264
006265
006266
006267
006268
006269
006270
006271
006273
006274
006275
006276
006277
006278
006279
006280
006281
006282
006283
006284
006287
006288
006289
006290
006293
006295
006297
006299
006300
006301
006302
006303
006304
006305
006307
006308
006310
006311
006312
006313
006316
006318
006319
006320
006323
006324
006328
006329
006331
006332
006333
006334
006335
006336
006337
006338
006339
006342
006343
006345
006346
006347
006348
006349
006350
006352
006353
006354
006355
006357
006360
006361
006362
006363
006364
006365
006366
006367
006370
006371
006373
006374
006375
006377
006379
006381
006382
006383
006384
006386
006387
006388
006389
006390
006391
006394
006395
006396
006398
006399
006400
006401
006402
006406
006407
006408
006409
006410
006411
006415
006416
006418
006420
006421
006422
006423
006424
006427
006429
006430
006431
006432
006433
006434
006435
006437
006438
006439
006440
006441
006442
006443
006444
006445
006446
006448
006449
006450
006451
006452
006455
006456
006457
006458
006462
006463
006464
006465
006467
006468
006469
006471
006472
006475
006476
006477
006478
006480
006481
006483
006484
006486
006487
006488
006489
006490
006492
006494
006495
006496
006499
006500
006504
006505
006506
006507
006508
006509
006510
006511
006512
006513
006514
006515
006516
006517
006518
006519
006521
006522
006524
006526
006527
006530
006532
006533
006535
006536
006537
006538
006539
006540
006541
006542
006543
006544
006546
006547
006548
006549
006552
006553
006554
006556
006557
006558
006559
006560
006561
006563
006564
006565
006566
006567
006568
006569
006570
006571
006572
006573
006574
006576
006577
006581
006582
006583
006584
006585
006587
006588
006589
006590
006592
006595
006596
006598
006599
006600
006601
006602
006603
006605
006606
006607
006609
006611
006612
006613
006614
006615
006616
006618
006619
006620
006621
006622
006624
006625
006626
006629
006630
006631
006632
006635
006637
006638
006639
006640
006641
006642
006643
006644
006645
006646
006651
006652
006653
006654
006656
006657
006659
006661
006662
006664
006666
006667
006669
006670
006672
006674
006675
006676
006677
006681
006682
006683
006684
006685
006688
006690
006694
006695
006698
006699
006700
006702
006703
006705
006706
006710
006711
006713
006714
006716
006717
006718
006719
006721
006722
006724
006725
006729
006730
006731
006733
006735
006737
006738
006739
006741
006742
006743
006744
006745
006746
006747
006748
006749
006750
006751
006752
006753
006754
006758
006759
006761
006762
006763
006764
006765
006766
006768
006770
006771
006772
006773
006774
006775
006776
006781
006782
006785
006786
006787
006790
006791
006794
006796
006797
006798
006799
006800
006802
006804
006807
006808
006809
006810
006811
006813
006814
006815
006816
006821
006823
006825
006828
006829
006830
006832
006834
006835
006836
006838
006839
006840
006842
006843
006845
006848
006850
006851
006852
006853
006858
006859
006860
006861
006862
006863
006864
006865
006866
006867
006868
006870
006871
006872
006873
006874
006875
006878
006880
006881
006882
006883
006886
006887
006888
006889
006890
006891
006892
006894
006895
006896
006897
006899
006901
006902
006903
006904
006906
006907
006908
006909
006911
006912
006913
006914
006915
006916
006917
006919
006920
006922
006923
006924
006925
006926
006928
006929
006931
006933
006934
006935
006936
006937
006940
006942
006943
006944
006945
006946
006950
006953
006954
006955
006956
006957
006958
006959
006960
006962
006964
006966
006968
006970
006972
006973
006975
006977
006978
006980
006981
006983
006985
006986
006987
006989
006990
006991
006992
006993
006994
006995
006996
006997
006998
007001
007005
007007
007008
007009
007010
007012
007014
007016
007018
007021
007022
007024
007026
007029
007032
007034
007035
007037
007040
007043
007044
007045
007046
007047
007048
007052
007054
007056
007057
007059
007060
007061
007062
007068
007069
007070
007071
007075
007076
007078
007079
007081
007083
007084
007085
007086
007087
007088
007090
007091
007093
007094
007095
007097
007099
007101
007102
007104
007106
007108
007109
007111
007112
007114
007115
007119
007121
007123
007124
007125
007127
007129
007130
007131
007133
007136
007137
007138
007139
007140
007141
007142
007143
007144
007145
007147
007148
007149
007150
007151
007152
007153
007155
007156
007158
007159
007160
007161
007163
007164
007165
007166
007167
007168
007169
007170
007176
007178
007179
007180
007181
007182
007183
007184
007186
007190
007191
007192
007194
007195
007196
007197
007198
007200
007201
007202
007203
007204
007205
007206
007207
007208
007209
007210
007211
007212
007213
007215
007217
007219
007220
007222
007224
007225
007227
007228
007229
007231
007233
007234
007235
007236
007237
007240
007241
007242
007244
007245
007246
007247
007249
007250
007251
007252
007253
007254
007256
007257
007260
007261
007262
007264
007265
007266
007268
007269
007270
007271
007272
007274
007277
007278
007279
007280
007281
007283
007284
007286
007287
007289
007290
007291
007293
007295
007296
007300
007301
007302
007303
007305
007306
007308
007311
007315
007317
007318
007319
007320
007321
007322
007323
007324
007325
007326
007327
007328
007329
007330
007332
007333
007334
007335
007337
007340
007341
007342
007343
007344
007345
007346
007348
007349
007350
007353
007355
007356
007357
007358
007359
007362
007364
007365
007366
007367
007369
007370
007372
007374
007375
007376
007377
007378
007381
007384
007386
007388
007389
007391
007392
007393
007394
007396
007397
007398
007399
007400
007401
007402
007404
007405
007406
007407
007409
007410
007411
007412
007413
007414
007416
007420
007422
007425
007426
007427
007431
007433
007434
007435
007436
007437
007439
007440
007441
007442
007443
007444
007445
007447
007449
007450
007451
007452
007453
007454
007455
007457
007458
007459
007460
007461
007462
007463
007464
007465
007467
007469
007470
007472
007473
007474
007475
007476
007477
007478
007479
007480
007482
007485
007486
007488
007489
007490
007491
007492
007493
007495
007496
007497
007499
007500
007501
007502
007503
007504
007505
007506
007508
007510
007511
007512
007515
007517
007518
007521
007522
007524
007526
007527
007529
007530
007531
007532
007534
007537
007538
007539
007541
007542
007544
007545
007547
007548
007549
007550
007552
007553
007554
007555
007556
007558
007560
007562
007564
007565
007569
007570
007571
007572
007573
007574
007575
007576
007577
007578
007581
007582
007583
007585
007587
007591
007593
007594
007595
007596
007597
007598
007600
007601
007602
007603
007604
007605
007606
007607
007609
007610
007611
007614
007615
007616
007620
007621
007623
007624
007625
007626
007627
007628
007629
007630
007631
007632
007633
007634
007637
007638
007640
007641
007642
007643
007644
007645
007648
007649
007650
007652
007655
007656
007657
007659
007660
007661
007662
007663
007664
007665
007666
007667
007669
007670
007672
007673
007674
007677
007678
007679
007680
007681
007684
007685
007686
007688
007690
007691
007692
007693
007694
007695
007696
007697
007698
007699
007700
007701
007703
007705
007706
007707
007708
007709
007710
007712
007713
007714
007716
007719
007720
007722
007723
007724
007725
007727
007729
007730
007731
007732
007733
007735
007737
007739
007744
007745
007746
007747
007748
007749
007750
007751
007752
007753
007754
007755
007757
007758
007759
007760
007762
007764
007765
007766
007768
007769
007770
007771
007773
007774
007775
007776
007778
007780
007782
007783
007784
007786
007787
007788
007789
007790
007792
007794
007795
007798
007800
007801
007802
007803
007804
007805
007806
007807
007810
007811
007812
007813
007814
007815
007817
007818
007819
007820
007821
007822
007825
007826
007830
007831
007832
007833
007835
007836
007837
007838
007839
007842
007845
007846
007848
007849
007850
007852
007853
007854
007856
007857
007858
007859
007860
007861
007864
007865
007867
007869
007870
007871
007872
007873
007875
007876
007877
007878
007880
007883
007884
007885
007887
007888
007889
007891
007892
007893
007894
007899
007900
007901
007902
007903
007905
007906
007907
007908
007910
007911
007913
007914
007915
007916
007918
007920
007921
007925
007930
007931
007932
007935
007936
007937
007938
007939
007941
007942
007943
007944
007945
007946
007947
007948
007950
007951
007952
007954
007958
007959
007960
007961
007962
007963
007964
007966
007967
007970
007972
007974
007975
007978
007979
007982
007984
007986
007987
007988
007989
007990
007992
007993
007994
007995
007998
007999
008000
008002
008003
008007
008008
008009
008013
008014
008015
008016
008017
008018
008020
008021
008023
008024
008025
008026
008028
008029
008032
008033
008035
008036
008040
008043
008044
008045
008046
008048
008049
008050
008051
008052
008054
008055
008057
008058
008060
008062
008063
008064
008065
008066
008068
008069
008070
008071
008072
008073
008076
008077
008078
008080
008084
008087
008088
008089
008091
008092
008093
008094
008096
008097
008098
008099
008100
008101
008102
008103
008105
008106
008107
008111
008112
008113
008115
008116
008117
008119
008120
008122
008123
008125
008126
008130
008132
008135
008136
008137
008138
008140
008141
008142
008144
008146
008147
008148
008149
008150
008151
008153
008154
008155
008156
008157
008159
008161
008163
008166
008169
008170
008172
008173
008175
008176
008177
008178
008179
008181
008182
008183
008184
008185
008187
008188
008189
008190
008192
008193
008196
008197
008198
008200
008201
008202
008203
008204
008206
008207
008208
008210
008212
008213
008214
008215
008217
008221
008224
008226
008227
008228
008230
008231
008232
008233
008234
008237
008238
008241
008243
008244
008247
008249
008250
008253
008254
008256
008257
008258
008259
008260
008261
008262
008263
008264
008265
008266
008267
008268
008269
008270
008272
008273
008275
008278
008279
008280
008281
008282
008283
008285
008287
008288
008289
008290
008291
008292
008293
008294
008295
008296
008298
008299
008300
008302
008303
008304
008305
008306
008307
008311
008312
008313
008314
008315
008316
008318
008319
008320
008321
008323
008324
008325
008327
008330
008331
008334
008335
008336
008337
008339
008340
008342
008343
008344
008346
008347
008348
008349
008351
008352
008353
008354
008356
008357
008358
008364
008365
008367
008368
008370
008372
008373
008374
008375
008378
008379
008383
008384
008386
008389
008390
008391
008392
008393
008394
008397
008399
008402
008403
008404
008405
008406
008407
008409
008410
008411
008412
008413
008414
008416
008418
008419
008422
008426
008427
008428
008430
008431
008432
008433
008434
008435
008437
008438
008439
008441
008444
008445
008447
008449
008450
008453
008455
008456
008457
008458
008461
008463
008466
008468
008469
008470
008471
008473
008474
008475
008476
008477
008478
008480
008482
008483
008484
008485
008487
008488
008492
008493
008494
008495
008497
008498
008500
008501
008502
008503
008504
008505
008506
008507
008508
008509
008510
008513
008516
008517
008518
008519
008520
008522
008523
008524
008525
008527
008528
008529
008530
008531
008532
008533
008534
008535
008536
008538
008539
008540
008541
008542
008545
008548
008550
008552
008554
008555
008558
008560
008561
008563
008566
008567
008568
008569
008571
008573
008574
008575
008576
008578
008580
008582
008583
008584
008585
008586
008587
008589
008590
008592
008593
008594
008595
008596
008597
008600
008601
008602
008603
008604
008605
008606
008607
008608
008609
008610
008612
008614
008616
008618
008619
008621
008622
008623
008624
008627
008630
008633
008634
008637
008638
008639
008640
008642
008643
008644
008645
008647
008648
008649
008650
008653
008655
008656
008657
008659
008661
008662
008663
008664
008667
008668
008669
008670
008671
008674
008676
008677
008679
008680
008682
008684
008685
008686
008687
008688
008689
008692
008693
008694
008695
008697
008698
008699
008700
008701
008702
008703
008704
008705
008706
008708
008709
008710
008711
008713
008714
008715
008717
008718
008719
008721
008722
008725
008726
008729
008730
008732
008733
008734
008735
008736
008737
008739
008740
008743
008745
008746
008748
008749
008750
008752
008753
008757
008758
008759
008760
008761
008765
008766
008767
008768
008769
008770
008771
008773
008776
008777
008778
008779
008780
008781
008783
008784
008786
008787
008789
008793
008794
008795
008796
008797
008798
008799
008800
008801
008802
008803
008804
008805
008806
008810
008811
008813
008814
008820
008821
008822
008824
008825
008828
008829
008830
008831
008832
008835
008836
008837
008838
008839
008840
008842
008843
008844
008845
008848
008851
008853
008854
008855
008856
008858
008859
008860
008861
008862
008863
008864
008865
008866
008867
008868
008870
008871
008872
008873
008874
008875
008876
008877
008878
008880
008882
008884
008885
008886
008887
008888
008889
008890
008891
008892
008893
008897
008899
008900
008902
008903
008904
008905
008907
008908
008910
008911
008913
008914
008915
008917
008919
008921
008923
008924
008925
008926
008927
008928
008929
008931
008933
008934
008935
008936
008937
008938
008939
008940
008941
008943
008944
008945
008947
008948
008949
008951
008952
008953
008954
008955
008957
008960
008962
008963
008964
008965
008966
008968
008969
008971
008972
008973
008975
008976
008977
008980
008981
008982
008983
008986
008987
008989
008991
008994
008995
008996
008997
009004
009009
009010
009011
009012
009013
009014
009015
009016
009017
009018
009020
009021
009023
009024
009025
009026
009027
009031
009032
009035
009038
009039
009041
009044
009045
009046
009047
009048
009049
009050
009051
009052
009055
009056
009057
009058
009060
009061
009062
009063
009064
009065
009067
009069
009071
009072
009074
009075
009078
009079
009080
009082
009083
009085
009086
009087
009089
009090
009091
009094
009095
009096
009098
009099
009101
009103
009104
009105
009106
009107
009108
009109
009110
009111
009112
009113
009114
009115
009117
009118
009119
009120
009121
009122
009128
009129
009130
009132
009133
009135
009136
009137
009139
009142
009143
009144
009146
009147
009148
009149
009150
009152
009153
009154
009156
009159
009160
009161
009163
009165
009167
009170
009171
009175
009177
009178
009179
009181
009182
009183
009185
009186
009187
009188
009189
009190
009191
009192
009194
009195
009196
009197
009198
009199
009200
009202
009203
009204
009205
009206
009209
009211
009214
009216
009219
009220
009223
009225
009226
009228
009229
009230
009231
009232
009234
009235
009238
009239
009241
009242
009243
009244
009245
009246
009247
009248
009249
009250
009252
009253
009254
009255
009256
009257
009258
009261
009262
009263
009265
009266
009267
009270
009271
009272
009273
009276
009277
009278
009279
009282
009283
009284
009285
009286
009287
009288
009289
009291
009292
009293
009294
009295
009296
009298
009299
009300
009305
009306
009307
009308
009309
009311
009312
009313
009314
009316
009317
009318
009320
009321
009322
009323
009324
009325
009326
009327
009328
009331
009333
009335
009336
009338
009341
009342
009343
009345
009346
009347
009351
009352
009353
009354
009355
009356
009360
009362
009363
009364
009365
009366
009367
009368
009371
009372
009373
009374
009377
009378
009379
009380
009382
009384
009385
009386
009387
009388
009389
009391
009392
009393
009394
009396
009397
009398
009399
009400
009401
009402
009404
009405
009406
009409
009410
009411
009412
009413
009414
009415
009416
009417
009418
009419
009421
009422
009423
009425
009426
009427
009429
009430
009431
009432
009433
009434
009435
009436
009438
009439
009440
009442
009445
009449
009450
009454
009456
009457
009458
009460
009461
009463
009464
009465
009466
009467
009468
009469
009470
009471
009472
009474
009477
009479
009480
009481
009482
009483
009485
009486
009488
009489
009490
009491
009492
009493
009496
009497
009498
009499
009500
009501
009502
009503
009504
009505
009506
009508
009509
009510
009511
009512
009513
009514
009515
009516
009518
009519
009520
009521
009522
009523
009524
009526
009527
009528
009529
009531
009532
009533
009534
009535
009537
009538
009540
009542
009545
009547
009548
009554
009555
009556
009557
009558
009559
009560
009561
009562
009563
009564
009566
009568
009569
009570
009571
009573
009574
009575
009576
009577
009578
009579
009580
009581
009585
009588
009589
009590
009591
009592
009593
009594
009595
009596
009599
009600
009601
009602
009603
009604
009606
009607
009609
009610
009613
009615
009616
009617
009618
009621
009623
009624
009627
009628
009630
009631
009632
009633
009634
009635
009637
009638
009640
009641
009642
009643
009646
009648
009650
009651
009652
009653
009655
009659
009660
009662
009665
009666
009667
009668
009671
009672
009674
009675
009676
009678
009680
009681
009688
009689
009690
009691
009696
009698
009699
009700
009701
009703
009705
009706
009707
009708
009711
009712
009713
009714
009715
009716
009717
009719
009720
009721
009723
009726
009727
009728
009730
009732
009733
009734
009736
009738
009739
009740
009743
009744
009746
009748
009749
009750
009751
009752
009753
009754
009756
009758
009759
009760
009762
009764
009765
009768
009772
009773
009774
009775
009776
009777
009778
009779
009780
009781
009782
009783
009784
009785
009786
009788
009790
009791
009793
009795
009797
009798
009799
009800
009803
009804
009805
009806
009809
009810
009811
009812
009813
009814
009815
009816
009817
009818
009821
009822
009823
009825
009826
009828
009830
009831
009832
009833
009834
009835
009836
009837
009839
009841
009842
009843
009844
009846
009847
009848
009849
009850
009853
009854
009855
009856
009857
009860
009862
009863
009864
009865
009866
009868
009869
009870
009871
009872
009874
009875
009876
009877
009878
009879
009880
009881
009882
009884
009885
009886
009887
009888
009889
009891
009892
009894
009895
009897
009898
009900
009901
009902
009903
009905
009907
009912
009913
009914
009916
009917
009920
009922
009924
009926
009927
009928
009929
009930
009931
009932
009933
009935
009936
009937
009939
009940
009941
009944
009946
009948
009949
009950
009951
009953
009954
009956
009957
009958
009959
009960
009961
009962
009963
